1111111000000000000000000000000000000000000000000000000000000000000000000010101111111
1000001000000000000000000000000000000000000000000000000000000000000000000011001000001
1011101000000000000000000000000000000000000000000000000000000000000000000010001011101
1011101000000000000000000000000000000000000000000000000000000000000000000001001011101
1011101000000000000000000000111110000000000000000000111110000000000000000010001011101
1000001000000000000000000000100010000000000000000000100010000000000000000001001000001
1111111010101010101010101010101010101010101010101010101010101010101010101010101111111
0000000000000000000000000000100010000000000000000000100010000000000000000000000000000
0000001000000000000000000000111110000000000000000000111110000000000000000000000000000
0000000000000000000000000000000000000000000000000000000000000000000000000000000000000
0000001000000000000000000000000000000000000000000000000000000000000000000000000000000
0000000000000000000000000000000000000000000000000000000000000000000000000000000000000
0000001000000000000000000000000000000000000000000000000000000000000000000000000000000
0000000000000000000000000000000000000000000000000000000000000000000000000000000000000
0000001000000000000000000000000000000000000000000000000000000000000000000000000000000
0000000000000000000000000000000000000000000000000000000000000000000000000000000000000
000000100000000000000000000000000000000000000000000000000000000000000000000000000000